0
1.6263e-013
1.4637e-012
7.9688e-012
3.6592e-011
1.5629e-010
6.4548e-010
2.623e-009
1.0575e-008
4.2466e-008
1.702e-007
6.8146e-007
2.7272e-006
1.0912e-005
4.3669e-005
0.00017492
0.00070342
0.0015966
0.0028728
0.0045576
0.006683
0.009287
0.012412
0.016104
0.020404
0.025345
0.03093
0.037112
0.043743
0.050516
0.056922
0.062264
0.065786
0.066664
0.06688
0.066396
0.065195
0.063271
0.060629
0.057285
0.053261
0.043285
0.030981
0.016708
0.0025446
-0.012477
-0.027937
-0.043406
-0.051014
-0.058475
-0.065747
-0.079573
-0.092245
-0.10358
-0.11346
-0.1218
-0.12854
-0.13366
-0.13713
-0.13893
-0.13906
-0.1375
-0.12933
-0.11621
-0.097806
-0.074593
-0.061495
-0.047675
-0.033411
-0.01903
-0.0048835
0.0086766
0.021327
0.03279
0.042836
0.051284
0.057995
0.062876
0.065874
0.066995
0.066308
0.063966
0.060199
0.055299
0.050177
0.044604
0.038762
0.032794
0.026808
0.020877
0.015051
0.0093645
0.0038415
-0.0015014
-0.0066507
-0.016321
-0.025071
-0.032784
-0.039316
-0.044495
-0.048114
-0.049934
-0.049673
-0.046996
-0.0415
-0.032707
-0.02013
-0.012337
-0.0036038
0.0058751
0.010786
0.020635
0.03002
0.037593
0.044023
0.048694
0.050607
0.053589
0.055459
0.056254
0.056023
0.05482
0.052697
0.049709
0.041357
0.030206
0.016728
0.0014414
-0.015077
-0.032211
-0.049337
-0.065863
-0.081274
-0.09514
-0.10712
-0.11697
-0.12447
-0.12948
-0.13187
-0.13153
-0.12839
-0.12236
-0.11338
-0.086481
-0.052792
-0.035363
-0.017145
0.0012491
0.019157
0.035965
0.049754
0.062034
0.072668
0.081602
0.088846
0.094459
0.098531
0.10117
0.10249
0.10167
0.098431
0.093294
0.086509
0.078297
0.068866
0.058426
0.047207
0.023511
0.0024969
-0.0057606
-0.0134
-0.020247
-0.026129
-0.030873
-0.034304
-0.036243
-0.036507
-0.0349
-0.031216
-0.025246
-0.01681
-0.0058619
0.0072988
0.02175
0.02826
0.034544
0.040453
0.045873
0.05072
0.054941
0.058514
0.061437
0.063718
0.065377
0.066435
0.066918
0.066852
0.066262
0.065172
0.061595
0.056306
0.049487
0.041316
0.031972
0.021642
0.01052
-0.0011899
-0.013279
-0.025534
-0.037745
-0.049708
-0.061231
-0.072137
-0.082263
-0.091463
-0.099607
-0.10657
-0.11226
-0.11937
-0.12053
-0.11674
-0.1077
-0.093196
-0.073247
-0.048335
-0.019706
-0.0046418
0.010476
0.025301
0.039514
0.052847
0.065095
0.076112
0.085805
0.094125
0.10105
0.10659
0.11075
0.11356
0.11507
0.11532
0.11434
0.1122
0.10894
0.09932
0.085974
0.069484
0.050534
0.02993
0.0086033
-0.01243
-0.032123
-0.049453
-0.063443
-0.073139
-0.077542
-0.075551
-0.066012
-0.048341
-0.042774
-0.036862
-0.024381
-0.011743
0.00023096
0.0052603
0.010013
0.014467
0.01861
0.022435
0.029132
0.034583
0.038844
0.041981
0.044062
0.045153
0.045319
0.044621
0.043116
0.040862
0.034324
0.025439
0.014638
0.0023541
-0.0096139
-0.022127
-0.034889
-0.047622
-0.060062
-0.071961
-0.083071
-0.093132
-0.10185
-0.10885
-0.11371
-0.11588
-0.11476
-0.10975
-0.10031
-0.086068
-0.0771
-0.066915
-0.055553
-0.029635
-0.00037851
0.030618
0.058432
0.084851
0.10665
0.12617
0.14318
0.15755
0.16927
0.17833
0.18475
0.18857
0.18982
0.18854
0.18477
0.17856
0.15912
0.13101
0.095703
0.055674
0.018538
0.00057209
-0.0080869
-0.016468
-0.032222
-0.045026
-0.056299
-0.065838
-0.073451
-0.07895
-0.082148
-0.082851
-0.080867
-0.076018
-0.068196
-0.057454
-0.051086
-0.044157
-0.029086
-0.014912
-0.0010026
0.0056663
0.01207
0.018174
0.023954
0.029399
0.034504
0.043702
0.051591
0.058239
0.063724
0.068119
0.071495
0.073912
0.075429
0.076095
0.075957
0.075057
0.073433
0.068152
0.060368
0.050303
0.038151
0.02408
0.0082388
-0.0092245
-0.028113
-0.048065
-0.068318
-0.077171
-0.085601
-0.093376
-0.10024
-0.10593
-0.11022
-0.11292
-0.11387
-0.113
-0.11062
-0.10672
-0.10132
-0.094442
-0.076476
-0.053345
-0.025841
0.0049088
0.037436
0.052204
0.066837
0.095133
0.11588
0.13501
0.15227
0.16752
0.18065
0.19161
0.20036
0.2069
0.21121
0.21328
0.21312
0.21071
0.19915
0.17857
0.14912
0.11146
0.090033
0.067312
0.043761
0.019925
-0.003608
-0.02626
-0.047506
-0.066898
-0.084066
-0.098709
-0.11059
-0.11306
