0
2.7102e-012
2.4392e-011
1.328e-010
6.098e-010
2.6045e-009
1.0757e-008
4.3713e-008
1.7623e-007
7.0769e-007
2.8363e-006
1.1356e-005
4.5444e-005
0.00018178
0.0007266
0.0028968
0.011432
0.025156
0.043369
0.065193
0.089644
0.11571
0.14244
0.16895
0.19448
0.21841
0.24017
0.2593
0.27536
0.28796
0.29681
0.30182
0.30322
0.30274
0.30159
0.29987
0.29769
0.29516
0.29237
0.28942
0.28641
0.28053
0.27529
0.27111
0.26841
0.26672
0.26588
0.26568
0.26575
0.26589
0.26607
0.26649
0.2669
0.26724
0.2675
0.2677
0.26787
0.26807
0.26832
0.26866
0.26911
0.26967
0.27108
0.2725
0.27379
0.2747
0.27501
0.27528
0.27562
0.27615
0.27701
0.27834
0.2802
0.28259
0.28543
0.28856
0.29175
0.29472
0.29715
0.29869
0.299
0.29776
0.29469
0.28963
0.28332
0.27536
0.26584
0.25486
0.24257
0.22914
0.21475
0.19961
0.18396
0.16807
0.15224
0.12209
0.096347
0.077802
0.068741
0.070429
0.082813
0.10454
0.13325
0.16608
0.20011
0.2326
0.26096
0.27277
0.2825
0.28976
0.29235
0.2953
0.29523
0.29273
0.28823
0.28272
0.27954
0.27246
0.26464
0.2563
0.24763
0.23884
0.2301
0.22161
0.20605
0.19341
0.18465
0.18025
0.18008
0.18352
0.18956
0.19716
0.20541
0.21364
0.22148
0.22873
0.23534
0.24137
0.24691
0.25205
0.25688
0.26147
0.26583
0.27377
0.27951
0.28144
0.28288
0.28382
0.28423
0.28414
0.28359
0.28257
0.281
0.27878
0.27581
0.272
0.26724
0.26145
0.25458
0.23741
0.2215
0.20301
0.18206
0.15895
0.13419
0.10857
0.083291
0.040357
0.020925
0.02072
0.025786
0.036047
0.051096
0.070234
0.092555
0.11703
0.14261
0.16827
0.19306
0.21607
0.23637
0.25299
0.26477
0.27067
0.27123
0.27048
0.2685
0.26539
0.26126
0.25624
0.25045
0.24401
0.23702
0.22961
0.22185
0.21385
0.20569
0.19747
0.18926
0.17324
0.1583
0.14508
0.13412
0.12588
0.12063
0.11848
0.1193
0.12281
0.12857
0.13608
0.14481
0.15425
0.16399
0.17366
0.18303
0.19189
0.20016
0.20776
0.22094
0.23017
0.23778
0.24401
0.24906
0.25298
0.25571
0.25703
0.2571
0.25674
0.25598
0.25483
0.25331
0.25146
0.24929
0.24682
0.24404
0.24094
0.23751
0.23373
0.22954
0.22494
0.21987
0.21432
0.20825
0.20164
0.18678
0.16987
0.15143
0.13257
0.11507
0.1013
0.093778
0.094492
0.10418
0.12201
0.1458
0.17266
0.19931
0.22195
0.23598
0.23756
0.2382
0.2365
0.23072
0.22111
0.21567
0.20961
0.20297
0.19581
0.18818
0.17169
0.15385
0.135
0.11546
0.095573
0.075677
0.056134
0.037311
0.019579
0.0033009
-0.023564
-0.041053
-0.047889
-0.043981
-0.032152
-0.013905
0.0090005
0.034734
0.061607
0.088209
0.11344
0.13652
0.1569
0.17423
0.18833
0.19918
0.20691
0.21182
0.21439
0.21517
0.21507
0.21473
0.21421
0.21272
0.21071
0.20807
0.205
0.20122
0.19728
0.19294
0.1883
0.18347
0.17852
0.17349
0.16838
0.16316
0.15779
0.15218
0.14622
0.13982
0.12522
0.10785
0.088387
0.070005
0.059145
0.057301
0.057504
0.058505
0.062956
0.069703
0.078837
0.090014
0.10279
0.11664
0.13101
0.1453
0.15887
0.17101
0.18094
0.18778
0.18975
0.19062
0.18873
0.18274
0.17288
0.16662
0.15957
0.15179
0.14336
0.13433
0.12478
0.10432
0.082444
0.059594
0.036203
0.012713
-0.010423
-0.032743
-0.053789
-0.07311
-0.090281
-0.10492
-0.11669
-0.13066
-0.13104
-0.11807
-0.093372
-0.059649
-0.020301
0.021087
0.061147
0.096949
0.12604
0.13642
0.14492
0.15149
0.15611
0.15886
0.15988
0.15937
0.15758
0.15478
0.15161
0.14804
0.14425
0.1404
0.13315
0.12723
0.12314
0.12088
0.11993
0.11972
0.11956
0.11913
0.11854
0.11766
0.11651
0.11512
0.1136
0.11201
0.11045
0.10898
0.10766
0.10651
0.10556
0.10479
0.1037
0.10285
0.10164
0.099568
0.098188
0.096695
0.095277
0.094191
0.093722
0.094121
0.095551
0.09804
0.10148
0.10561
0.11009
0.11118
