0
3.3061e-024
3.4687e-023
8.7443e-023
5.7483e-022
-7.0063e-020
-4.873e-019
-6.078e-018
-1.0411e-016
-1.6516e-015
-2.6465e-014
-4.2455e-013
-6.7991e-012
-1.0885e-010
-1.743e-009
-2.7951e-008
-4.5106e-007
-2.3221e-006
-7.5135e-006
-1.8891e-005
-4.056e-005
-7.819e-005
-0.00013937
-0.000234
-0.00037458
-0.00057609
-0.00085493
-0.0012259
-0.0016952
-0.0022492
-0.0028397
-0.0033791
-0.003758
-0.003857
-0.0038876
-0.0038488
-0.0037447
-0.0035841
-0.0033803
-0.0031498
-0.0029124
-0.0025047
-0.0023437
-0.002613
-0.003351
-0.0046337
-0.0064786
-0.0088431
-0.010191
-0.011628
-0.013136
-0.016282
-0.019463
-0.022517
-0.025296
-0.027672
-0.029542
-0.030827
-0.031473
-0.031451
-0.030753
-0.029397
-0.024893
-0.019232
-0.012761
-0.0064009
-0.0035907
-0.0012005
0.00066154
0.0019216
0.0025514
0.0025726
0.0020524
0.0010935
-0.00017976
-0.0016334
-0.003135
-0.0045629
-0.0058144
-0.0068128
-0.0075134
-0.0079074
-0.0080196
-0.0079003
-0.0076455
-0.0072971
-0.0068925
-0.0064606
-0.0060219
-0.0055896
-0.0051718
-0.0047731
-0.0043957
-0.0040404
-0.0037068
-0.0030997
-0.0025594
-0.0020636
-0.0015843
-0.0010882
-0.00053922
9.723e-005
0.00084853
0.0017258
0.002711
0.0037373
0.0046627
0.0050184
0.0052584
0.0053564
0.0053494
0.0052382
0.0050457
0.0048732
0.0047689
0.0047742
0.004821
0.0050121
0.0053367
0.0057902
0.0063603
0.0070288
0.0077728
0.0085662
0.010186
0.011647
0.01271
0.013167
0.012868
0.011749
0.0098421
0.0072766
0.0042551
0.0010276
-0.0021396
-0.0049887
-0.0072878
-0.0088439
-0.0095133
-0.0092077
-0.0078998
-0.0056282
-0.002502
0.0054909
0.012917
0.01569
0.017826
0.019197
0.019776
0.019641
0.019041
0.018133
0.017062
0.015958
0.014931
0.014067
0.013421
0.013027
0.012898
0.013414
0.0144
0.015798
0.017499
0.019389
0.021354
0.02328
0.025066
0.027889
0.029343
0.029654
0.029817
0.029867
0.029848
0.029806
0.02979
0.029845
0.03001
0.030311
0.030757
0.031331
0.03198
0.032607
0.033077
0.033257
0.033227
0.033136
0.032997
0.032827
0.032643
0.032461
0.032296
0.032159
0.032056
0.031994
0.031974
0.031996
0.032059
0.032158
0.03229
0.03263
0.033025
0.033418
0.033748
0.033957
0.033994
0.033819
0.033407
0.032749
0.031858
0.030764
0.029515
0.028172
0.026809
0.025505
0.024338
0.023388
0.022726
0.022414
0.023031
0.024988
0.028238
0.032566
0.037549
0.042547
0.046737
0.049259
0.049684
0.049506
0.048748
0.047471
0.04577
0.043757
0.04155
0.039265
0.037009
0.034875
0.032942
0.031275
0.029923
0.028921
0.028291
0.028042
0.028172
0.028667
0.030654
0.033723
0.037501
0.041568
0.04551
0.048991
0.051799
0.053881
0.055344
0.056407
0.057363
0.058506
0.060075
0.062141
0.064453
0.065005
0.065522
0.066414
0.067079
0.067533
0.067683
0.067808
0.067914
0.068008
0.068095
0.068269
0.068469
0.068715
0.069021
0.069392
0.069828
0.070324
0.070872
0.071459
0.072073
0.073321
0.074489
0.075456
0.076119
0.076396
0.076342
0.075959
0.075279
0.074356
0.07327
0.072119
0.071018
0.070102
0.069517
0.069421
0.069967
0.071278
0.073406
0.076283
0.079687
0.081473
0.083234
0.0849
0.087653
0.089172
0.089082
0.087587
0.084981
0.082
0.078731
0.075454
0.072416
0.069825
0.067839
0.066574
0.066106
0.066472
0.067668
0.069659
0.072372
0.079514
0.087912
0.096063
0.10246
0.10585
0.10663
0.1068
0.10685
0.10662
0.10611
0.10544
0.10469
0.10398
0.10342
0.10308
0.10305
0.10338
0.10409
0.10517
0.10654
0.1073
0.10807
0.10956
0.11075
0.11172
0.11212
0.11246
0.11276
0.11302
0.11324
0.11343
0.11375
0.11402
0.11428
0.11455
0.11485
0.11519
0.11559
0.11604
0.11656
0.11713
0.11775
0.11843
0.11989
0.12147
0.12307
0.12463
0.12607
0.1273
0.12826
0.12889
0.12916
0.12913
0.12906
0.129
0.12899
0.12909
0.12935
0.1298
0.1305
0.13145
0.13265
0.13392
0.13536
0.13691
0.13852
0.14172
0.14445
0.14617
0.14644
0.14499
0.14376
0.14221
0.13827
0.1346
0.13064
0.1266
0.12266
0.119
0.11578
0.11312
0.11112
0.10986
0.1094
0.10977
0.11098
0.11582
0.12353
0.13328
0.14384
0.14894
0.15366
0.15783
0.16129
0.16401
0.16596
0.16724
0.16796
0.16828
0.16836
0.16838
0.16839
