0
-2.7104e-014
-2.4393e-013
-1.3281e-012
-6.0984e-012
-2.6047e-011
-1.0758e-010
-4.3716e-010
-1.7624e-009
-7.0774e-009
-2.8365e-008
-1.1357e-007
-4.5451e-007
-1.8185e-006
-7.275e-006
-2.9105e-005
-0.00011647
-0.00026222
-0.00046641
-0.00072891
-0.001049
-0.0014251
-0.0018535
-0.0023276
-0.0028357
-0.0033575
-0.0038589
-0.0042835
-0.0045422
-0.0045019
-0.0039849
-0.002792
-0.00074773
0.00062656
0.0022424
0.0040991
0.0061915
0.0085117
0.01105
0.013795
0.016734
0.023142
0.030157
0.037639
0.044633
0.051717
0.058724
0.065477
0.068706
0.071811
0.074773
0.080212
0.084925
0.088843
0.091923
0.094143
0.095495
0.09598
0.095606
0.094384
0.092328
0.089454
0.081309
0.07133
0.058952
0.044363
0.036347
0.027941
0.019243
0.010367
0.0014385
-0.0074145
-0.016072
-0.024429
-0.032393
-0.039886
-0.046837
-0.053184
-0.058873
-0.063856
-0.068104
-0.071608
-0.07439
-0.076503
-0.077894
-0.078866
-0.079482
-0.079796
-0.079858
-0.079706
-0.079372
-0.078882
-0.078257
-0.077514
-0.07667
-0.074729
-0.072531
-0.070158
-0.067692
-0.065207
-0.062777
-0.060476
-0.058382
-0.05658
-0.055166
-0.054246
-0.053908
-0.05396
-0.054123
-0.054331
-0.054416
-0.054458
-0.054189
-0.05356
-0.052493
-0.051137
-0.050317
-0.048399
-0.046126
-0.043521
-0.040607
-0.037406
-0.03394
-0.03023
-0.022158
-0.013349
-0.0039684
0.0058036
0.015762
0.025685
0.03534
0.044505
0.052981
0.060599
0.067223
0.072744
0.077076
0.080152
0.081917
0.082328
0.081349
0.078952
0.075121
0.06317
0.047866
0.039852
0.03139
0.022724
0.014122
0.005833
-0.0011913
-0.0076919
-0.013596
-0.018857
-0.023452
-0.027373
-0.030627
-0.033229
-0.035201
-0.037368
-0.037567
-0.036671
-0.034791
-0.032037
-0.028518
-0.024347
-0.019642
-0.0091362
0.00082449
0.0049709
0.0089916
0.012829
0.016429
0.019739
0.02271
0.025295
0.027448
0.029122
0.030272
0.030856
0.030847
0.03026
0.029205
0.027946
0.027422
0.026979
0.02665
0.02646
0.026422
0.026545
0.026827
0.027266
0.027854
0.028583
0.029445
0.030431
0.031533
0.032743
0.034055
0.036953
0.040175
0.043673
0.047396
0.051293
0.055306
0.059371
0.063421
0.067377
0.07116
0.074687
0.077878
0.080656
0.082948
0.084693
0.085835
0.08633
0.086142
0.085244
0.081246
0.075477
0.067535
0.057454
0.045297
0.031184
0.015345
-0.0017699
-0.010587
-0.019429
-0.028177
-0.036722
-0.044968
-0.052837
-0.060269
-0.06722
-0.073656
-0.079551
-0.084888
-0.089651
-0.09383
-0.097416
-0.1004
-0.10279
-0.10459
-0.10579
-0.10646
-0.10495
-0.10146
-0.096269
-0.089734
-0.08225
-0.074224
-0.06604
-0.058033
-0.050485
-0.043643
-0.037749
-0.033081
-0.029968
-0.02868
-0.028638
-0.028689
-0.028992
-0.029403
-0.029731
-0.029814
-0.029843
-0.029811
-0.029714
-0.02955
-0.029013
-0.0282
-0.027119
-0.025783
-0.024205
-0.0224
-0.020383
-0.018168
-0.015771
-0.013205
-0.0076261
-0.0015522
0.0048892
0.011562
0.017645
0.023686
0.02957
0.035181
0.040402
0.045113
0.049193
0.052518
0.054955
0.056366
0.056606
0.055535
0.053028
0.048994
0.043393
0.036243
0.032113
0.027635
0.022837
0.012422
0.0012596
-0.010118
-0.020047
-0.02929
-0.0368
-0.043437
-0.049148
-0.053912
-0.057729
-0.060612
-0.062573
-0.063626
-0.063785
-0.063064
-0.061476
-0.059039
-0.051691
-0.041248
-0.028118
-0.013003
0.0014663
0.0087255
0.012312
0.015854
0.022752
0.028688
0.034305
0.039549
0.044369
0.048715
0.052533
0.055769
0.058363
0.060255
0.061391
0.06175
0.061647
0.061371
0.060391
0.059177
0.05783
0.057152
0.056487
0.055847
0.055238
0.054665
0.054129
0.053176
0.05238
0.051734
0.051227
0.050849
0.050588
0.050435
0.050381
0.050418
0.050537
0.050731
0.050995
0.051702
0.052606
0.053653
0.054782
0.055926
0.057002
0.05791
0.058512
0.058611
0.057903
0.05721
0.056218
0.054876
0.053137
0.05096
0.048318
0.045197
0.041595
0.037523
0.033472
0.029071
0.024338
0.019292
0.0083426
-0.0036074
-0.016345
-0.029588
-0.042971
-0.048928
-0.05479
-0.066088
-0.074411
-0.082178
-0.089323
-0.095803
-0.10159
-0.10665
-0.11098
-0.11456
-0.11738
-0.11943
-0.12069
-0.12115
-0.11965
-0.1149
-0.10692
-0.095934
-0.089458
-0.082456
-0.07506
-0.067421
-0.059695
-0.052032
-0.044565
-0.0374
-0.030623
-0.024303
-0.018496
-0.017158
