0
-9.3891e-014
-8.4501e-013
-4.6006e-012
-2.1125e-011
-9.0229e-011
-3.7265e-010
-1.5144e-009
-6.1052e-009
-2.4517e-008
-9.8259e-008
-3.9342e-007
-1.5745e-006
-6.2994e-006
-2.5201e-005
-0.00010082
-0.00040347
-0.00090834
-0.0016157
-0.002525
-0.0036339
-0.0049365
-0.0064204
-0.0080628
-0.0098228
-0.01163
-0.013367
-0.014837
-0.015733
-0.015593
-0.013803
-0.0096712
-0.0025902
0.0021705
0.0077679
0.014199
0.021445
0.029477
0.038258
0.047748
0.057899
0.079986
0.10407
0.12962
0.15335
0.17719
0.20057
0.22289
0.23348
0.24361
0.25322
0.27075
0.28579
0.29819
0.30787
0.3148
0.31901
0.32052
0.31935
0.31555
0.30913
0.30011
0.27425
0.24203
0.20132
0.15242
0.12521
0.096463
0.066542
0.035881
0.004968
-0.025693
-0.055631
-0.084429
-0.11174
-0.13727
-0.1608
-0.18212
-0.20108
-0.21756
-0.23152
-0.24296
-0.25199
-0.25882
-0.26331
-0.26643
-0.26841
-0.26942
-0.26961
-0.26913
-0.26805
-0.26648
-0.26447
-0.26208
-0.25935
-0.25308
-0.24594
-0.23822
-0.23015
-0.22199
-0.21399
-0.20638
-0.19943
-0.19343
-0.18872
-0.18565
-0.18452
-0.18469
-0.18523
-0.18593
-0.18621
-0.18635
-0.18545
-0.18335
-0.17978
-0.17523
-0.17248
-0.16603
-0.15837
-0.14957
-0.13969
-0.12881
-0.11699
-0.1043
-0.076584
-0.046193
-0.013731
0.020115
0.054557
0.08874
0.12179
0.15292
0.18143
0.20679
0.22862
0.24664
0.26066
0.27054
0.27619
0.2775
0.27437
0.26668
0.25433
0.21527
0.16423
0.13713
0.10828
0.078534
0.048864
0.020192
-0.0041352
-0.026644
-0.047063
-0.065225
-0.081051
-0.094523
-0.10567
-0.11457
-0.1213
-0.12868
-0.12935
-0.1263
-0.11989
-0.11048
-0.098425
-0.0841
-0.067899
-0.031603
0.0028898
0.017251
0.031169
0.044442
0.056877
0.068296
0.07853
0.08742
0.094812
0.10055
0.10449
0.10649
0.10646
0.10445
0.10084
0.09652
0.094719
0.093198
0.092069
0.091413
0.091283
0.091702
0.092671
0.094174
0.096189
0.098687
0.10164
0.10501
0.10878
0.11292
0.1174
0.12728
0.13823
0.15008
0.16264
0.17574
0.18915
0.20268
0.21607
0.22907
0.24143
0.25288
0.26318
0.2721
0.27942
0.28498
0.2886
0.29017
0.28958
0.28673
0.274
0.25545
0.2296
0.19632
0.15557
0.10759
0.053121
-0.0060915
-0.036608
-0.067137
-0.097215
-0.12642
-0.15438
-0.18084
-0.20559
-0.22849
-0.24947
-0.26849
-0.28553
-0.30059
-0.31368
-0.32482
-0.33404
-0.34136
-0.34683
-0.35049
-0.35253
-0.34793
-0.33726
-0.32125
-0.30083
-0.27711
-0.2513
-0.22461
-0.19817
-0.17297
-0.14993
-0.12994
-0.11404
-0.10341
-0.099007
-0.098867
-0.099045
-0.10009
-0.1015
-0.10263
-0.10292
-0.10302
-0.10291
-0.10258
-0.10202
-0.10018
-0.097401
-0.093698
-0.089114
-0.083695
-0.077491
-0.070549
-0.062919
-0.05465
-0.045791
-0.026505
-0.0054848
0.016814
0.039894
0.060896
0.081699
0.10189
0.12107
0.13882
0.15477
0.16851
0.17966
0.1878
0.1925
0.1933
0.18973
0.18135
0.16782
0.14892
0.12464
0.11054
0.095209
0.078721
0.042796
0.0041631
-0.035226
-0.069513
-0.10128
-0.12694
-0.14947
-0.16873
-0.1847
-0.19743
-0.20699
-0.21347
-0.21694
-0.21746
-0.21508
-0.20983
-0.20175
-0.17723
-0.14201
-0.097197
-0.045117
0.004983
0.030127
0.042538
0.054779
0.078569
0.09897
0.1182
0.13607
0.15241
0.16707
0.1799
0.19072
0.19937
0.20565
0.20943
0.21062
0.21029
0.20939
0.20616
0.20215
0.19769
0.19544
0.19324
0.19112
0.18909
0.18719
0.18541
0.18225
0.1796
0.17746
0.17578
0.17453
0.17367
0.17318
0.17302
0.17316
0.17357
0.17424
0.17514
0.17754
0.18059
0.18411
0.1879
0.19172
0.19531
0.19832
0.20032
0.20063
0.19827
0.19595
0.19264
0.18816
0.18234
0.17504
0.16615
0.15562
0.14342
0.12958
0.11576
0.10068
0.084425
0.06704
0.029179
-0.012237
-0.056333
-0.10194
-0.14758
-0.1677
-0.18737
-0.22483
-0.25202
-0.27704
-0.29973
-0.32004
-0.33792
-0.3534
-0.36649
-0.37721
-0.38559
-0.39164
-0.39535
-0.39673
-0.39238
-0.37835
-0.35442
-0.32071
-0.30045
-0.27825
-0.25446
-0.22956
-0.20407
-0.1785
-0.15334
-0.129
-0.10583
-0.084116
-0.064084
-0.059461
