0
5.6336e-013
5.0703e-012
2.7605e-011
1.2676e-010
5.4139e-010
2.236e-009
9.0865e-009
3.6633e-008
1.4711e-007
5.8958e-007
2.3606e-006
9.4473e-006
3.7802e-005
0.00015128
0.00060594
0.0024367
0.0055308
0.0099517
0.015788
0.023149
0.032168
0.042991
0.055771
0.070654
0.087743
0.10705
0.1284
0.15126
0.17458
0.1966
0.21493
0.22699
0.23
0.23073
0.22908
0.22496
0.21836
0.2093
0.19782
0.18399
0.14965
0.10719
0.05784
0.0088024
-0.043209
-0.096679
-0.15005
-0.17623
-0.20185
-0.22676
-0.27394
-0.31693
-0.35518
-0.3883
-0.4161
-0.43845
-0.45532
-0.46666
-0.47247
-0.47273
-0.46743
-0.44002
-0.39607
-0.3341
-0.2554
-0.21076
-0.16352
-0.11464
-0.065298
-0.016746
0.029757
0.073065
0.1122
0.14639
0.17503
0.1977
0.21409
0.2241
0.22774
0.22529
0.21725
0.20442
0.18775
0.17035
0.15141
0.13156
0.11129
0.090948
0.070803
0.051024
0.031732
0.013009
-0.0050864
-0.022505
-0.055151
-0.084595
-0.11045
-0.13226
-0.14946
-0.16139
-0.16729
-0.16623
-0.15713
-0.13866
-0.10922
-0.067178
-0.041157
-0.012016
0.019582
0.035936
0.068691
0.099835
0.1249
0.14613
0.1615
0.16778
0.17754
0.18362
0.18615
0.18531
0.18126
0.17419
0.16428
0.13663
0.099761
0.055215
0.0047377
-0.04971
-0.10601
-0.16203
-0.21577
-0.26552
-0.30993
-0.348
-0.37897
-0.40232
-0.41768
-0.42473
-0.4232
-0.41285
-0.39339
-0.36461
-0.27847
-0.17017
-0.11399
-0.055231
0.0040464
0.061618
0.11544
0.15938
0.1983
0.2318
0.25975
0.28226
0.29955
0.31195
0.31984
0.32362
0.32034
0.30978
0.29333
0.27178
0.24581
0.21605
0.18316
0.14787
0.073481
0.007776
-0.017942
-0.041666
-0.062863
-0.081005
-0.095569
-0.10604
-0.11188
-0.11255
-0.10747
-0.096021
-0.077579
-0.051611
-0.017992
0.022325
0.066468
0.086301
0.10541
0.12333
0.13974
0.15437
0.16707
0.17779
0.18652
0.1933
0.1982
0.20127
0.20261
0.2023
0.20041
0.19703
0.18606
0.16997
0.1493
0.12457
0.096349
0.065189
0.031693
-0.0035101
-0.039767
-0.076415
-0.1128
-0.1483
-0.18233
-0.21437
-0.24395
-0.27066
-0.29414
-0.31408
-0.3302
-0.34996
-0.35257
-0.34098
-0.31428
-0.27183
-0.2136
-0.14089
-0.057361
-0.013476
0.03048
0.07346
0.11451
0.15286
0.1879
0.21924
0.24665
0.27002
0.28933
0.30463
0.31599
0.32354
0.32739
0.32769
0.32457
0.3182
0.30872
0.28109
0.24306
0.19623
0.14253
0.08426
0.02412
-0.034941
-0.089915
-0.13793
-0.17635
-0.20264
-0.21424
-0.20826
-0.18165
-0.13284
-0.1175
-0.10122
-0.066896
-0.032191
0.00062715
0.014388
0.027376
0.039532
0.050821
0.061229
0.079404
0.09414
0.1056
0.11399
0.1195
0.12231
0.12262
0.1206
0.11641
0.11021
0.092385
0.068322
0.039209
0.006238
-0.025753
-0.059061
-0.092872
-0.12643
-0.15902
-0.18999
-0.21871
-0.24451
-0.26665
-0.28424
-0.2962
-0.30119
-0.29775
-0.28433
-0.2596
-0.22259
-0.19934
-0.17296
-0.14355
-0.076532
-0.0010383
0.078623
0.14966
0.21658
0.2713
0.31979
0.3616
0.39653
0.42463
0.44601
0.46083
0.46924
0.47139
0.46741
0.45742
0.44156
0.39288
0.32316
0.23582
0.13695
0.045491
0.0014322
-0.019741
-0.040191
-0.078489
-0.10945
-0.13656
-0.15934
-0.17737
-0.19025
-0.19757
-0.19889
-0.1938
-0.1819
-0.16295
-0.13709
-0.12181
-0.1052
-0.06916
-0.035354
-0.0022686
0.013557
0.028727
0.043158
0.056797
0.069617
0.08161
0.10314
0.1215
0.13688
0.14948
0.15949
0.16709
0.17243
0.17566
0.17692
0.17631
0.17394
0.16991
0.15722
0.13885
0.11536
0.087228
0.054867
0.018662
-0.021005
-0.063632
-0.10834
-0.15336
-0.17291
-0.19145
-0.20845
-0.22336
-0.23564
-0.24477
-0.25036
-0.25212
-0.24986
-0.24434
-0.2355
-0.22338
-0.20806
-0.16823
-0.11718
-0.056679
0.010696
0.081588
0.11361
0.14523
0.20598
0.25015
0.29052
0.32664
0.35823
0.38514
0.40732
0.42477
0.43752
0.4456
0.44904
0.44786
0.44207
0.4167
0.3729
0.31095
0.23212
0.18736
0.13997
0.090943
0.04145
-0.0072462
-0.053915
-0.097457
-0.13695
-0.17168
-0.20106
-0.22467
-0.22954
