1.0472
1.0472
1.0472
1.0472
1.0472
1.0472
1.0472
1.0472
1.0472
1.0472
1.0472
1.0472
1.0472
1.047
1.0466
1.0447
1.0371
1.0242
1.0059
0.98183
0.95166
0.91496
0.87127
0.82009
0.76088
0.69312
0.61632
0.5302
0.43493
0.3315
0.22218
0.11065
0.0014746
-0.050833
-0.10102
-0.14873
-0.19368
-0.23569
-0.27462
-0.31038
-0.34294
-0.39836
-0.44098
-0.47121
-0.48844
-0.49705
-0.49815
-0.49307
-0.48867
-0.48327
-0.47705
-0.46285
-0.44727
-0.43132
-0.4158
-0.40131
-0.38829
-0.37708
-0.36791
-0.36096
-0.35634
-0.35411
-0.35687
-0.36709
-0.38313
-0.40177
-0.41039
-0.41731
-0.42139
-0.42149
-0.41648
-0.4054
-0.38753
-0.36236
-0.32962
-0.28922
-0.24121
-0.18583
-0.12349
-0.054876
0.019
0.096746
0.17665
0.25682
0.32771
0.39625
0.46157
0.5231
0.58047
0.63353
0.68222
0.72657
0.76666
0.80259
0.83448
0.8866
0.92393
0.94721
0.95695
0.95329
0.93593
0.9041
0.85653
0.79143
0.70642
0.59849
0.46416
0.38624
0.30119
0.20981
0.16227
0.065082
-0.032214
-0.1172
-0.19786
-0.26585
-0.29804
-0.35868
-0.41435
-0.46515
-0.51121
-0.55272
-0.58985
-0.62277
-0.67655
-0.71513
-0.73946
-0.75048
-0.74932
-0.73733
-0.71615
-0.68755
-0.65339
-0.6154
-0.5751
-0.5338
-0.49253
-0.45214
-0.41328
-0.37647
-0.34211
-0.31049
-0.28181
-0.23314
-0.19642
-0.17996
-0.16182
-0.1405
-0.11462
-0.083126
-0.049604
-0.011207
0.031738
0.078691
0.12896
0.18178
0.23634
0.29187
0.34763
0.45734
0.53587
0.60998
0.67872
0.74142
0.79746
0.84633
0.88752
0.94501
0.96591
0.96528
0.95865
0.94571
0.92607
0.89929
0.8648
0.82197
0.77006
0.70816
0.63523
0.55011
0.45163
0.3391
0.21341
0.078571
0.01688
-0.04428
-0.10414
-0.16208
-0.21762
-0.27045
-0.32041
-0.36744
-0.41155
-0.45278
-0.49122
-0.52697
-0.56011
-0.59075
-0.61897
-0.6685
-0.70933
-0.74197
-0.76688
-0.78444
-0.79501
-0.79894
-0.79658
-0.7883
-0.77452
-0.7557
-0.73232
-0.7049
-0.67399
-0.64013
-0.60384
-0.56566
-0.52607
-0.48555
-0.40354
-0.3347
-0.26894
-0.20809
-0.15371
-0.10684
-0.06752
-0.034031
-0.018359
-0.0025903
0.013905
0.031677
0.051142
0.072571
0.096094
0.12172
0.14936
0.17886
0.21004
0.24266
0.2765
0.3113
0.3468
0.38273
0.41882
0.4548
0.52533
0.59204
0.65254
0.70438
0.74511
0.77244
0.78433
0.77908
0.75517
0.71104
0.64477
0.55386
0.43509
0.28491
0.10284
0.053193
0.0025005
-0.10021
-0.20139
-0.29748
-0.3385
-0.37795
-0.41575
-0.45188
-0.48635
-0.55037
-0.60811
-0.65995
-0.7063
-0.74754
-0.78402
-0.81604
-0.84391
-0.86786
-0.88813
-0.9184
-0.93606
-0.94206
-0.93707
-0.9235
-0.9015
-0.87119
-0.83268
-0.78612
-0.73175
-0.66986
-0.6009
-0.52551
-0.44465
-0.35969
-0.27255
-0.18569
-0.10195
-0.024306
0.044516
0.074883
0.10225
0.12646
0.16522
0.19168
0.20814
0.21745
0.22454
0.23109
0.23902
0.24909
0.26173
0.27714
0.29536
0.31634
0.33997
0.36609
0.39449
0.42492
0.45706
0.52475
0.59305
0.65535
0.70301
0.72578
0.72801
0.72656
0.72334
0.71136
0.69402
0.6702
0.63966
0.60211
0.55723
0.50464
0.44387
0.37448
0.29607
0.20856
0.11256
0.061898
0.009945
-0.095842
-0.19007
-0.28019
-0.32305
-0.36422
-0.40358
-0.44111
-0.47679
-0.51064
-0.57301
-0.62866
-0.67806
-0.72169
-0.75999
-0.79337
-0.82221
-0.84682
-0.86749
-0.8845
-0.89804
-0.90831
-0.91956
-0.91892
-0.90647
-0.88168
-0.84362
-0.79103
-0.72255
-0.63696
-0.53355
-0.41299
-0.35392
-0.2926
-0.2298
-0.16644
-0.10353
-0.042068
0.017029
0.073003
0.12526
0.16876
0.20867
0.24485
0.2772
0.33017
0.36744
0.38936
0.39706
0.39269
0.38759
0.38101
0.36475
0.35048
0.33598
0.32206
0.30932
0.29819
0.28895
0.28176
0.27673
0.27392
0.27334
0.27498
0.27881
0.29276
0.31434
0.34173
0.37137
0.38524
0.39713
0.40587
0.41026
0.40917
0.40171
0.38718
0.36515
0.33539
0.29779
0.25238
0.24008
