0.5236
0.5236
0.5236
0.5236
0.5236
0.5236
0.5236
0.5236
0.5236
0.5236
0.5236
0.52359
0.52355
0.52339
0.52276
0.52025
0.51036
0.49436
0.47291
0.44687
0.41716
0.3847
0.35035
0.31487
0.27883
0.24265
0.20659
0.17081
0.13537
0.10035
0.065949
0.032486
0.00043752
-0.014895
-0.029687
-0.043884
-0.057433
-0.070287
-0.082398
-0.093723
-0.10422
-0.12255
-0.13713
-0.14778
-0.15405
-0.15738
-0.15813
-0.15677
-0.15548
-0.15385
-0.15196
-0.14763
-0.14287
-0.13801
-0.13329
-0.12886
-0.12487
-0.12139
-0.11851
-0.11625
-0.11467
-0.11378
-0.11408
-0.11662
-0.12089
-0.12602
-0.12841
-0.1303
-0.13134
-0.13114
-0.12931
-0.12553
-0.11957
-0.1113
-0.1007
-0.087828
-0.07279
-0.055743
-0.03686
-0.016329
0.005645
0.02884
0.053022
0.07796
0.10088
0.12412
0.14758
0.17118
0.19485
0.21852
0.24208
0.26541
0.28836
0.3107
0.33221
0.37157
0.40385
0.42643
0.43711
0.43461
0.41895
0.39133
0.35389
0.3091
0.25927
0.20616
0.15073
0.12225
0.093302
0.063952
0.049179
0.019608
-0.0096967
-0.035543
-0.060683
-0.082605
-0.093293
-0.1141
-0.13411
-0.15329
-0.17157
-0.18887
-0.20512
-0.2202
-0.2464
-0.26658
-0.28004
-0.28651
-0.28629
-0.28026
-0.26964
-0.25579
-0.23994
-0.22306
-0.20586
-0.18884
-0.17233
-0.15654
-0.14163
-0.1277
-0.11484
-0.10312
-0.092578
-0.074958
-0.062124
-0.056611
-0.050713
-0.043948
-0.035846
-0.026041
-0.015586
-0.0035415
0.010054
0.025105
0.041482
0.059043
0.077643
0.097153
0.11746
0.16012
0.19356
0.22812
0.2636
0.29969
0.33587
0.37132
0.40483
0.45915
0.48264
0.48265
0.47617
0.46323
0.44416
0.41956
0.39024
0.35708
0.32095
0.28258
0.24255
0.20124
0.15883
0.11534
0.070854
0.025787
0.0055391
-0.014551
-0.034393
-0.053917
-0.073072
-0.091823
-0.11015
-0.12805
-0.1455
-0.16249
-0.17902
-0.19505
-0.21055
-0.2255
-0.23984
-0.26653
-0.29018
-0.31032
-0.32654
-0.33848
-0.34593
-0.34887
-0.34748
-0.34211
-0.33327
-0.32152
-0.30747
-0.29171
-0.27476
-0.25704
-0.23891
-0.22065
-0.20248
-0.18456
-0.14998
-0.12234
-0.096863
-0.073967
-0.054002
-0.037171
-0.023324
-0.01172
-0.0063269
-0.00090165
0.0047928
0.010968
0.017794
0.025389
0.033826
0.043133
0.053309
0.064329
0.076154
0.088736
0.10202
0.11595
0.13047
0.14553
0.16105
0.17699
0.20979
0.24324
0.27627
0.30731
0.33414
0.35397
0.36388
0.36156
0.34591
0.31733
0.27742
0.22809
0.17107
0.10742
0.037734
0.019468
0.00094047
-0.036657
-0.074529
-0.11219
-0.129
-0.1457
-0.16228
-0.17873
-0.19506
-0.22731
-0.25901
-0.29009
-0.32042
-0.34984
-0.37813
-0.40505
-0.4303
-0.45357
-0.47456
-0.50851
-0.53015
-0.53836
-0.53316
-0.51797
-0.49429
-0.46392
-0.42868
-0.39024
-0.34995
-0.30886
-0.26766
-0.22685
-0.18675
-0.14764
-0.10986
-0.073848
-0.04017
-0.0095015
0.017441
0.029304
0.04
0.049482
0.064756
0.075408
0.082393
0.086763
0.090502
0.094123
0.098468
0.10383
0.1104
0.11827
0.12747
0.13799
0.14982
0.16291
0.17722
0.19268
0.20922
0.24508
0.28341
0.3213
0.35321
0.37018
0.37246
0.37176
0.36976
0.36177
0.34999
0.33399
0.31402
0.29039
0.26347
0.23357
0.201
0.16597
0.12863
0.089092
0.0475
0.026014
0.0041435
-0.040435
-0.081
-0.12146
-0.14154
-0.1615
-0.1813
-0.20094
-0.22041
-0.23971
-0.27777
-0.31504
-0.35139
-0.38664
-0.42053
-0.45276
-0.48298
-0.51083
-0.53592
-0.55788
-0.57637
-0.59108
-0.60828
-0.60841
-0.5917
-0.55967
-0.5148
-0.46016
-0.3988
-0.33335
-0.26574
-0.19734
-0.16661
-0.13607
-0.10586
-0.076169
-0.047173
-0.019076
0.007925
0.033646
0.057914
0.078381
0.097432
0.11496
0.13088
0.15749
0.17671
0.18835
0.19283
0.19128
0.18906
0.18615
0.1789
0.17256
0.16617
0.16008
0.15457
0.1498
0.14591
0.14296
0.14101
0.14008
0.14019
0.14133
0.14349
0.15078
0.16171
0.17554
0.19071
0.19796
0.20432
0.20915
0.21176
0.21148
0.20775
0.20014
0.18845
0.17259
0.15265
0.12878
0.12237
